-11666,400391	0
-11660,875977	0
-11655,352539	1
-11649,828125	1
-11644,304688	2
-11638,780273	2
-11633,256836	1
-11627,733398	0
-11622,208984	0
-11616,685547	0
-11611,161133	1
-11605,637695	5
-11600,113281	1
-11594,589844	0
-11589,065430	1
-11583,541992	0
-11578,018555	3
-11572,494141	3
-11566,970703	3
-11561,446289	1
-11555,922852	2
-11550,398438	1
-11544,875000	0
-11539,351563	0
-11533,827148	0
-11528,303711	0
-11522,779297	0
-11517,255859	1
-11511,731445	0
-11506,208008	0
-11500,684570	0
-11495,160156	0
-11489,636719	0
-11484,112305	0
-11478,588867	0
-11473,064453	0
-11467,541016	0
-11462,016602	0
-11456,493164	0
-11450,969727	2
-11445,445313	2
-11439,921875	1
-11434,397461	0
-11428,874023	2
-11423,349609	1
-11417,826172	1
-11412,302734	1
-11406,778320	0
-11401,254883	0
-11395,730469	2
-11390,207031	2
-11384,682617	1
-11379,159180	0
-11373,634766	0
-11368,111328	0
-11362,587891	0
-11357,063477	0
-11351,540039	1
-11346,015625	0
-11340,492188	1
-11334,967773	0
-11329,444336	0
-11323,920898	0
-11318,396484	0
-11312,873047	0
-11307,348633	2
-11301,825195	2
-11296,300781	2
-11290,777344	2
-11285,252930	1
-11279,729492	1
-11274,206055	1
-11268,681641	0
-11263,158203	0
-11257,633789	1
-11252,110352	1
-11246,585938	2
-11241,062500	5
-11235,539063	2
-11230,014648	1
-11224,491211	0
-11218,966797	0
-11213,443359	1
-11207,918945	1
-11202,395508	0
-11196,872070	0
-11191,347656	0
-11185,824219	3
-11180,299805	0
-11174,776367	0
-11169,251953	0
-11163,728516	1
-11158,204102	0
-11152,680664	0
-11147,157227	0
-11141,632813	2
-11136,109375	4
-11130,584961	1
-11125,061523	2
-11119,537109	1
-11114,013672	0
-11108,490234	0
-11102,965820	0
-11097,442383	0
-11091,917969	0
-11086,394531	0
-11080,870117	0
-11075,346680	0
-11069,822266	0
-11064,298828	0
-11058,775391	0
-11053,250977	0
-11047,727539	1
-11042,203125	0
-11036,679688	0
-11031,155273	0
-11025,631836	1
-11020,108398	0
-11014,583984	0
-11009,060547	1
-11003,536133	1
-10998,012695	0
-10992,488281	2
-10986,964844	1
-10981,440430	0
-10975,916992	0
-10970,393555	0
-10964,869141	0
-10959,345703	1
-10953,821289	2
-10948,297852	0
-10942,773438	2
-10937,250000	2
-10931,726563	1
-10926,202148	1
-10920,678711	1
-10915,154297	1
-10909,630859	1
-10904,106445	1
-10898,583008	0
-10893,059570	0
-10887,535156	1
-10882,011719	2
-10876,487305	2
-10870,963867	1
-10865,439453	1
-10859,916016	0
-10854,391602	0
-10848,868164	1
-10843,344727	0
-10837,820313	0
-10832,296875	0
-10826,772461	0
-10821,249023	0
-10815,724609	0
-10810,201172	0
-10804,677734	1
-10799,153320	0
-10793,629883	0
-10788,105469	0
-10782,582031	2
-10777,057617	2
-10771,534180	0
-10766,009766	0
-10760,486328	2
-10754,962891	0
-10749,438477	0
-10743,915039	0
-10738,390625	0
-10732,867188	0
-10727,342773	0
-10721,819336	1
-10716,295898	0
-10710,771484	0
-10705,248047	0
-10699,723633	0
-10694,200195	0
-10688,675781	2
-10683,152344	3
-10677,627930	2
-10672,104492	0
-10666,581055	1
-10661,056641	3
-10655,533203	1
-10650,008789	0
-10644,485352	1
-10638,960938	0
-10633,437500	1
-10627,914063	0
-10622,389648	1
-10616,866211	0
-10611,341797	1
-10605,818359	0
-10600,293945	1
-10594,770508	1
-10589,247070	1
-10583,722656	1
-10578,199219	0
-10572,674805	2
-10567,151367	1
-10561,626953	1
-10556,103516	0
-10550,579102	0
-10545,055664	0
-10539,532227	1
-10534,007813	0
-10528,484375	1
-10522,959961	3
-10517,436523	3
-10511,912109	2
-10506,388672	1
-10500,865234	1
-10495,340820	2
-10489,817383	0
-10484,292969	1
-10478,769531	3
-10473,245117	4
-10467,721680	1
-10462,197266	1
-10456,673828	0
-10451,150391	2
-10445,625977	1
-10440,102539	3
-10434,578125	2
-10429,054688	0
-10423,530273	1
-10418,006836	1
-10412,483398	2
-10406,958984	2
-10401,435547	1
-10395,911133	1
-10390,387695	0
-10384,863281	1
-10379,339844	1
-10373,815430	2
-10368,291992	2
-10362,768555	1
-10357,244141	1
-10351,720703	1
-10346,196289	1
-10340,672852	0
-10335,148438	0
-10329,625000	0
-10324,101563	2
-10318,577148	0
-10313,053711	1
-10307,529297	3
-10302,005859	2
-10296,481445	1
-10290,958008	0
-10285,434570	4
-10279,910156	3
-10274,386719	3
-10268,862305	3
-10263,338867	2
-10257,814453	7
-10252,291016	4
-10246,766602	3
-10241,243164	1
-10235,719727	0
-10230,195313	0
-10224,671875	0
-10219,147461	0
-10213,624023	2
-10208,099609	0
-10202,576172	0
-10197,052734	2
-10191,528320	2
-10186,004883	3
-10180,480469	0
-10174,957031	0
-10169,432617	0
-10163,909180	0
-10158,384766	0
-10152,861328	0
-10147,337891	0
-10141,813477	2
-10136,290039	1
-10130,765625	0
-10125,242188	0
-10119,717773	1
-10114,194336	5
-10108,670898	2
-10103,146484	1
-10097,623047	3
-10092,098633	4
-10086,575195	6
-10081,050781	2
-10075,527344	0
-10070,002930	3
-10064,479492	3
-10058,956055	2
-10053,431641	0
-10047,908203	2
-10042,383789	3
-10036,860352	4
-10031,335938	4
-10025,812500	3
-10020,289063	2
-10014,764648	2
-10009,241211	1
-10003,716797	0
-9998,193359	2
-9992,668945	1
-9987,145508	2
-9981,622070	2
-9976,097656	1
-9970,574219	4
-9965,049805	3
-9959,526367	2
-9954,001953	2
-9948,478516	2
-9942,954102	2
-9937,430664	1
-9931,907227	1
-9926,382813	2
-9920,859375	2
-9915,334961	2
-9909,811523	2
-9904,287109	2
-9898,763672	0
-9893,240234	0
-9887,715820	2
-9882,192383	2
-9876,667969	2
-9871,144531	1
-9865,620117	1
-9860,096680	0
-9854,572266	0
-9849,048828	0
-9843,525391	0
-9838,000977	2
-9832,477539	3
-9826,953125	1
-9821,429688	1
-9815,905273	1
-9810,381836	0
-9804,858398	0
-9799,333984	1
-9793,810547	0
-9788,286133	1
-9782,762695	2
-9777,238281	0
-9771,714844	0
-9766,190430	0
-9760,666992	1
-9755,143555	0
-9749,619141	0
-9744,095703	0
-9738,571289	1
-9733,047852	0
-9727,523438	0
-9722,000000	0
-9716,476563	0
-9710,952148	0
-9705,428711	0
-9699,904297	0
-9694,380859	0
-9688,856445	0
-9683,333008	2
-9677,809570	3
-9672,285156	0
-9666,761719	0
-9661,237305	1
-9655,713867	0
-9650,189453	0
-9644,666016	0
-9639,141602	0
-9633,618164	0
-9628,094727	0
-9622,570313	3
-9617,046875	4
-9611,522461	6
-9605,999023	2
-9600,474609	0
-9594,951172	2
-9589,427734	1
-9583,903320	1
-9578,379883	2
-9572,855469	2
-9567,332031	1
-9561,807617	2
-9556,284180	0
-9550,759766	0
-9545,236328	3
-9539,712891	0
-9534,188477	1
-9528,665039	2
-9523,140625	0
-9517,617188	1
-9512,092773	0
-9506,569336	0
-9501,045898	1
-9495,521484	1
-9489,998047	1
-9484,473633	2
-9478,950195	1
-9473,425781	2
-9467,902344	0
-9462,377930	0
-9456,854492	1
-9451,331055	1
-9445,806641	2
-9440,283203	0
-9434,758789	0
-9429,235352	0
-9423,710938	0
-9418,187500	0
-9412,664063	0
-9407,139648	1
-9401,616211	1
-9396,091797	1
-9390,568359	1
-9385,043945	0
-9379,520508	0
-9373,997070	0
-9368,472656	0
-9362,949219	0
-9357,424805	0
-9351,901367	1
-9346,376953	0
-9340,853516	0
-9335,329102	0
-9329,805664	0
-9324,282227	0
-9318,757813	0
-9313,234375	0
-9307,709961	0
-9302,186523	0
-9296,662109	0
-9291,138672	0
-9285,615234	0
-9280,090820	0
-9274,567383	0
-9269,042969	0
-9263,519531	0
-9257,995117	0
-9252,471680	0
-9246,947266	2
-9241,423828	2
-9235,900391	0
-9230,375977	0
-9224,852539	0
-9219,328125	0
-9213,804688	0
-9208,280273	0
-9202,756836	0
-9197,233398	0
-9191,708984	1
-9186,185547	1
-9180,661133	2
-9175,137695	0
-9169,613281	0
-9164,089844	0
-9158,565430	0
-9153,041992	0
-9147,518555	0
-9141,994141	0
-9136,470703	0
-9130,946289	0
-9125,422852	0
-9119,898438	0
-9114,375000	0
-9108,851563	0
-9103,327148	0
-9097,803711	0
-9092,279297	0
-9086,755859	0
-9081,231445	0
-9075,708008	0
-9070,184570	0
-9064,660156	0
-9059,136719	0
-9053,612305	0
-9048,088867	0
-9042,564453	0
-9037,041016	0
-9031,516602	0
-9025,993164	0
-9020,469727	0
-9014,945313	0
-9009,421875	0
-9003,897461	0
-8998,374023	0
-8992,849609	0
-8987,326172	0
-8981,802734	0
-8976,278320	0
-8970,754883	0
-8965,230469	0
-8959,707031	0
-8954,182617	0
-8948,659180	0
-8943,134766	0
-8937,611328	0
-8932,087891	0
-8926,563477	0
-8921,040039	0
-8915,515625	0
-8909,992188	0
-8904,467773	0
-8898,944336	0
-8893,420898	2
-8887,896484	2
-8882,373047	0
-8876,848633	0
-8871,325195	0
-8865,800781	0
-8860,277344	0
-8854,752930	0
-8849,229492	0
-8843,706055	0
-8838,181641	0
-8832,658203	0
-8827,133789	0
-8821,610352	0
-8816,085938	0
-8810,562500	0
-8805,039063	0
-8799,514648	0
-8793,991211	0
-8788,466797	0
-8782,943359	0
-8777,418945	0
-8771,895508	0
-8766,372070	0
-8760,847656	0
-8755,324219	0
-8749,799805	0
-8744,276367	0
-8738,751953	0
-8733,228516	0
-8727,704102	0
-8722,180664	0
-8716,657227	0
-8711,132813	0
-8705,609375	0
-8700,084961	0
-8694,561523	0
-8689,037109	0
-8683,513672	0
-8677,990234	0
-8672,465820	0
-8666,942383	0
-8661,417969	0
-8655,894531	0
-8650,370117	0
-8644,846680	0
-8639,322266	0
-8633,798828	0
-8628,275391	0
-8622,750977	0
-8617,227539	0
-8611,703125	0
-8606,179688	0
-8600,655273	0
-8595,131836	0
-8589,608398	0
-8584,083984	0
-8578,560547	0
-8573,036133	0
-8567,512695	0
-8561,988281	0
-8556,464844	0
-8550,940430	0
-8545,416992	0
-8539,893555	0
-8534,369141	0
-8528,845703	0
-8523,321289	0
-8517,797852	0
-8512,273438	0
-8506,750000	0
-8501,226563	0
-8495,702148	0
-8490,178711	0
-8484,654297	0
-8479,130859	0
-8473,606445	0
-8468,083008	0
-8462,559570	0
-8457,035156	0
-8451,511719	0
-8445,987305	0
-8440,463867	0
-8434,939453	0
-8429,416016	0
-8423,891602	0
-8418,368164	0
-8412,844727	0
-8407,320313	0
-8401,796875	0
-8396,272461	0
-8390,749023	0
-8385,224609	0
-8379,701172	0
-8374,177734	0
-8368,653320	0
-8363,129883	0
-8357,605469	0
-8352,082031	0
-8346,557617	0
-8341,034180	0
-8335,509766	0
-8329,986328	0
-8324,462891	0
-8318,938477	0
-8313,415039	0
-8307,890625	0
-8302,367188	0
-8296,842773	0
-8291,319336	0
-8285,795898	0
-8280,271484	0
-8274,748047	0
-8269,223633	0
-8263,700195	0
-8258,175781	0
-8252,652344	0
-8247,127930	0
-8241,604492	0
-8236,081055	0
-8230,556641	0
-8225,033203	0
-8219,508789	0
-8213,985352	0
-8208,460938	0
-8202,937500	0
-8197,414063	0
-8191,889648	0
-8186,365723	0
-8180,842285	0
-8175,318359	0
-8169,794434	0
-8164,270508	0
-8158,746582	0
-8153,222656	0
-8147,698730	0
-8142,174805	0
-8136,651367	0
-8131,127441	0
-8125,603516	0
-8120,079590	0
-8114,555664	0
-8109,031738	0
-8103,507813	0
-8097,983887	0
-8092,460449	0
-8086,936523	0
-8081,412598	0
-8075,888672	0
-8070,364746	0
-8064,840820	0
-8059,316895	0
-8053,792969	0
-8048,269531	0
-8042,745605	0
-8037,221680	0
-8031,697754	0
-8026,173828	0
-8020,649902	0
-8015,125977	0
-8009,602051	0
-8004,078613	0
-7998,554688	0
-7993,030762	0
-7987,506836	0
-7981,982910	0
-7976,458984	0
-7970,935059	0
-7965,411133	0
-7959,887695	0
-7954,363770	0
-7948,839844	0
-7943,315918	0
-7937,791992	0
-7932,268066	0
-7926,744141	0
-7921,220215	0
-7915,696777	0
-7910,172852	0
-7904,648926	0
-7899,125000	0
-7893,601074	0
-7888,077148	0
-7882,553223	0
-7877,029785	0
-7871,505859	0
-7865,981934	0
-7860,458008	0
-7854,934082	0
-7849,410156	0
-7843,886230	0
-7838,362305	0
-7832,838867	0
-7827,314941	0
-7821,791016	0
-7816,267090	0
-7810,743164	0
-7805,219238	0
-7799,695313	0
-7794,171387	0
-7788,647949	0
-7783,124023	0
-7777,600098	0
-7772,076172	0
-7766,552246	0
-7761,028320	0
-7755,504395	0
-7749,980469	0
-7744,457031	0
-7738,933105	0
-7733,409180	0
-7727,885254	0
-7722,361328	0
-7716,837402	0
-7711,313477	0
-7705,789551	0
-7700,266113	0
-7694,742188	0
-7689,218262	0
-7683,694336	0
-7678,170410	0
-7672,646484	0
-7667,122559	0
-7661,598633	0
-7656,075195	0
-7650,551270	0
-7645,027344	0
-7639,503418	0
-7633,979492	0
-7628,455566	0
-7622,931641	0
-7617,407715	0
-7611,884277	0
-7606,360352	0
-7600,836426	0
-7595,312500	0
-7589,788574	0
-7584,264648	0
-7578,740723	0
-7573,217285	0
-7567,693359	0
-7562,169434	0
-7556,645508	0
-7551,121582	0
-7545,597656	0
-7540,073730	0
-7534,549805	0
-7529,026367	0
-7523,502441	0
-7517,978516	0
-7512,454590	0
-7506,930664	0
-7501,406738	0
-7495,882813	0
-7490,358887	0
-7484,835449	0
-7479,311523	0
-7473,787598	0
-7468,263672	0
-7462,739746	0
-7457,215820	0
-7451,691895	0
-7446,167969	0
-7440,644531	0
-7435,120605	0
-7429,596680	0
-7424,072754	0
-7418,548828	0
-7413,024902	0
-7407,500977	0
-7401,977051	0
-7396,453613	0
-7390,929688	0
-7385,405762	0
-7379,881836	0
-7374,357910	0
-7368,833984	0
-7363,310059	0
-7357,786133	0
-7352,262695	0
-7346,738770	0
-7341,214844	0
-7335,690918	0
-7330,166992	0
-7324,643066	0
-7319,119141	0
-7313,595215	0
-7308,071777	0
-7302,547852	0
-7297,023926	0
-7291,500000	0
-7285,976074	0
-7280,452148	0
-7274,928223	0
-7269,404785	0
-7263,880859	0
-7258,356934	0
-7252,833008	0
-7247,309082	0
-7241,785156	0
-7236,261230	0
-7230,737305	0
-7225,213867	0
-7219,689941	0
-7214,166016	0
-7208,642090	0
-7203,118164	0
-7197,594238	0
-7192,070313	0
-7186,546387	1
-7181,022949	0
-7175,499023	0
-7169,975098	0
-7164,451172	0
-7158,927246	0
-7153,403320	0
-7147,879395	0
-7142,355469	0
-7136,832031	0
-7131,308105	0
-7125,784180	0
-7120,260254	0
-7114,736328	0
-7109,212402	0
-7103,688477	0
-7098,164551	0
-7092,641113	0
-7087,117188	0
-7081,593262	0
-7076,069336	0
-7070,545410	0
-7065,021484	0
-7059,497559	0
-7053,973633	0
-7048,450195	0
-7042,926270	0
-7037,402344	0
-7031,878418	0
-7026,354492	0
-7020,830566	0
-7015,306641	0
-7009,782715	0
-7004,259277	0
-6998,735352	0
-6993,211426	0
-6987,687500	0
-6982,163574	0
-6976,639648	0
-6971,115723	0
-6965,592285	0
-6960,068359	0
-6954,544434	0
-6949,020508	0
-6943,496582	0
-6937,972656	0
-6932,448730	0
-6926,924805	0
-6921,401367	0
-6915,877441	0
-6910,353516	0
-6904,829590	0
-6899,305664	0
-6893,781738	0
-6888,257813	0
-6882,733887	0
-6877,210449	0
-6871,686523	0
-6866,162598	0
-6860,638672	0
-6855,114746	0
-6849,590820	0
-6844,066895	0
-6838,542969	0
-6833,019531	1
-6827,495605	3
-6821,971680	2
-6816,447754	4
-6810,923828	5
-6805,399902	5
-6799,875977	1
-6794,352051	0
-6788,828613	0
-6783,304688	5
-6777,780762	5
-6772,256836	7
-6766,732910	7
-6761,208984	7
-6755,685059	6
-6750,161133	7
-6744,637695	7
-6739,113770	11
-6733,589844	10
-6728,065918	9
-6722,541992	10
-6717,018066	11
-6711,494141	11
-6705,970215	12
-6700,446777	10
-6694,922852	8
-6689,398926	9
-6683,875000	11
-6678,351074	14
-6672,827148	12
-6667,303223	11
-6661,779785	10
-6656,255859	10
-6650,731934	10
-6645,208008	11
-6639,684082	11
-6634,160156	11
-6628,636230	12
-6623,112305	12
-6617,588867	10
-6612,064941	9
-6606,541016	8
-6601,017090	8
-6595,493164	9
-6589,969238	10
-6584,445313	11
-6578,921387	12
-6573,397949	12
-6567,874023	12
-6562,350098	12
-6556,826172	11
-6551,302246	11
-6545,778320	11
-6540,254395	12
-6534,730469	12
-6529,207031	12
-6523,683105	14
-6518,159180	11
-6512,635254	12
-6507,111328	12
-6501,587402	11
-6496,063477	13
-6490,539551	16
-6485,016113	15
-6479,492188	14
-6473,968262	13
-6468,444336	13
-6462,920410	12
-6457,396484	10
-6451,872559	11
-6446,348633	13
-6440,825195	13
-6435,301270	13
-6429,777344	13
-6424,253418	12
-6418,729492	13
-6413,205566	15
-6407,681641	16
-6402,157715	15
-6396,634277	16
-6391,110352	16
-6385,586426	16
-6380,062500	15
-6374,538574	15
-6369,014648	16
-6363,490723	16
-6357,967285	16
-6352,443359	19
-6346,919434	19
-6341,395508	18
-6335,871582	17
-6330,347656	15
-6324,823730	14
-6319,299805	16
-6313,776367	15
-6308,252441	16
-6302,728516	17
-6297,204590	21
-6291,680664	21
-6286,156738	16
-6280,632813	16
-6275,108887	16
-6269,585449	16
-6264,061523	19
-6258,537598	19
-6253,013672	19
-6247,489746	18
-6241,965820	17
-6236,441895	18
-6230,917969	17
-6225,394531	18
-6219,870605	16
-6214,346680	17
-6208,822754	18
-6203,298828	18
-6197,774902	20
-6192,250977	23
-6186,727051	22
-6181,203613	21
-6175,679688	22
-6170,155762	21
-6164,631836	20
-6159,107910	21
-6153,583984	21
-6148,060059	21
-6142,536133	21
-6137,012695	20
-6131,488770	19
-6125,964844	19
-6120,440918	20
-6114,916992	20
-6109,393066	22
-6103,869141	21
-6098,345215	20
-6092,821777	23
-6087,297852	24
-6081,773926	23
-6076,250000	22
-6070,726074	22
-6065,202148	22
-6059,678223	23
-6054,154785	23
-6048,630859	24
-6043,106934	24
-6037,583008	23
-6032,059082	24
-6026,535156	25
-6021,011230	24
-6015,487305	25
-6009,963867	24
-6004,439941	25
-5998,916016	24
-5993,392090	23
-5987,868164	24
-5982,344238	24
-5976,820313	26
-5971,296387	26
-5965,772949	25
-5960,249023	24
-5954,725098	25
-5949,201172	25
-5943,677246	25
-5938,153320	26
-5932,629395	27
-5927,105469	26
-5921,582031	25
-5916,058105	25
-5910,534180	25
-5905,010254	26
-5899,486328	25
-5893,962402	25
-5888,438477	26
-5882,914551	26
-5877,391113	26
-5871,867188	26
-5866,343262	25
-5860,819336	25
-5855,295410	27
-5849,771484	27
-5844,247559	28
-5838,723633	28
-5833,200195	27
-5827,676270	26
-5822,152344	26
-5816,628418	26
-5811,104492	27
-5805,580566	24
-5800,056641	24
-5794,532715	24
-5789,009277	25
-5783,485352	25
-5777,961426	24
-5772,437500	23
-5766,913574	23
-5761,389648	24
-5755,865723	24
-5750,342285	22
-5744,818359	23
-5739,294434	24
-5733,770508	24
-5728,246582	24
-5722,722656	22
-5717,198730	23
-5711,674805	26
-5706,151367	24
-5700,627441	22
-5695,103516	24
-5689,579590	23
-5684,055664	23
-5678,531738	21
-5673,007813	21
-5667,483887	23
-5661,960449	22
-5656,436523	24
-5650,912598	25
-5645,388672	22
-5639,864746	23
-5634,340820	25
-5628,816895	25
-5623,292969	27
-5617,769531	25
-5612,245605	23
-5606,721680	22
-5601,197754	22
-5595,673828	24
-5590,149902	24
-5584,625977	22
-5579,102051	25
-5573,578613	22
-5568,054688	24
-5562,530762	22
-5557,006836	22
-5551,482910	24
-5545,958984	20
-5540,435059	21
-5534,911133	24
-5529,387695	22
-5523,863770	21
-5518,339844	21
-5512,815918	22
-5507,291992	24
-5501,768066	22
-5496,244141	21
-5490,720215	24
-5485,196777	25
-5479,672852	24
-5474,148926	22
-5468,625000	22
-5463,101074	22
-5457,577148	20
-5452,053223	20
-5446,529785	20
-5441,005859	20
-5435,481934	22
-5429,958008	22
-5424,434082	23
-5418,910156	23
-5413,386230	20
-5407,862305	21
-5402,338867	20
-5396,814941	21
-5391,291016	20
-5385,767090	20
-5380,243164	19
-5374,719238	19
-5369,195313	20
-5363,671387	22
-5358,147949	21
-5352,624023	24
-5347,100098	23
-5341,576172	20
-5336,052246	20
-5330,528320	23
-5325,004395	25
-5319,480469	22
-5313,957031	20
-5308,433105	19
-5302,909180	19
-5297,385254	22
-5291,861328	22
-5286,337402	23
-5280,813477	22
-5275,289551	20
-5269,766113	19
-5264,242188	21
-5258,718262	22
-5253,194336	21
-5247,670410	21
-5242,146484	20
-5236,622559	21
-5231,098633	22
-5225,575195	20
-5220,051270	21
-5214,527344	22
-5209,003418	25
-5203,479492	22
-5197,955566	20
-5192,431641	20
-5186,907715	21
-5181,384277	21
-5175,860352	21
-5170,336426	22
-5164,812500	21
-5159,288574	24
-5153,764648	23
-5148,240723	23
-5142,717285	24
-5137,193359	24
-5131,669434	25
-5126,145508	23
-5120,621582	22
-5115,097656	22
-5109,573730	22
-5104,049805	21
-5098,526367	21
-5093,002441	22
-5087,478516	22
-5081,954590	20
-5076,430664	19
-5070,906738	19
-5065,382813	21
-5059,858887	23
-5054,335449	22
-5048,811523	21
-5043,287598	21
-5037,763672	20
-5032,239746	19
-5026,715820	19
-5021,191895	19
-5015,667969	21
-5010,144531	22
-5004,620605	22
-4999,096680	20
-4993,572754	20
-4988,048828	20
-4982,524902	21
-4977,000977	21
-4971,477051	20
-4965,953613	21
-4960,429688	21
-4954,905762	22
-4949,381836	22
-4943,857910	20
-4938,333984	20
-4932,810059	17
-4927,286133	19
-4921,762695	17
-4916,238770	18
-4910,714844	16
-4905,190918	15
-4899,666992	18
-4894,143066	21
-4888,619141	19
-4883,095215	16
-4877,571777	15
-4872,047852	16
-4866,523926	15
-4861,000000	15
-4855,476074	15
-4849,952148	14
-4844,428223	18
-4838,904785	17
-4833,380859	15
-4827,856934	15
-4822,333008	17
-4816,809082	19
-4811,285156	17
-4805,761230	17
-4800,237305	17
-4794,713867	19
-4789,189941	18
-4783,666016	18
-4778,142090	16
-4772,618164	16
-4767,094238	16
-4761,570313	18
-4756,046387	16
-4750,522949	16
-4744,999023	16
-4739,475098	16
-4733,951172	13
-4728,427246	14
-4722,903320	16
-4717,379395	16
-4711,855469	18
-4706,332031	18
-4700,808105	17
-4695,284180	14
-4689,760254	14
-4684,236328	14
-4678,712402	13
-4673,188477	12
-4667,664551	16
-4662,141113	13
-4656,617188	12
-4651,093262	14
-4645,569336	15
-4640,045410	14
-4634,521484	12
-4628,997559	11
-4623,473633	12
-4617,950195	13
-4612,426270	13
-4606,902344	14
-4601,378418	17
-4595,854492	14
-4590,330566	12
-4584,806641	12
-4579,282715	12
-4573,759277	12
-4568,235352	13
-4562,711426	13
-4557,187500	13
-4551,663574	11
-4546,139648	11
-4540,615723	11
-4535,092285	12
-4529,568359	14
-4524,044434	12
-4518,520508	12
-4512,996582	12
-4507,472656	13
-4501,948730	14
-4496,424805	12
-4490,901367	11
-4485,377441	12
-4479,853516	11
-4474,329590	11
-4468,805664	11
-4463,281738	9
-4457,757813	10
-4452,233887	11
-4446,710449	13
-4441,186523	12
-4435,662598	12
-4430,138672	10
-4424,614746	9
-4419,090820	10
-4413,566895	9
-4408,042969	10
-4402,519531	9
-4396,995605	9
-4391,471680	9
-4385,947754	9
-4380,423828	9
-4374,899902	8
-4369,375977	8
-4363,852051	10
-4358,328613	10
-4352,804688	10
-4347,280762	10
-4341,756836	10
-4336,232910	9
-4330,708984	8
-4325,185059	7
-4319,661133	7
-4314,137695	7
-4308,613770	8
-4303,089844	7
-4297,565918	10
-4292,041992	8
-4286,518066	8
-4280,994141	9
-4275,470215	8
-4269,946777	8
-4264,422852	9
-4258,898926	9
-4253,375000	8
-4247,851074	8
-4242,327148	9
-4236,803223	8
-4231,279785	6
-4225,755859	6
-4220,231934	7
-4214,708008	6
-4209,184082	7
-4203,660156	8
-4198,136230	6
-4192,612305	2
-4187,088867	5
-4181,564941	8
-4176,041016	3
-4170,517090	3
-4164,993164	4
-4159,469238	4
-4153,945313	4
-4148,421387	3
-4142,897949	3
-4137,374023	2
-4131,850098	2
-4126,326172	3
-4120,802246	3
-4115,278320	0
-4109,754395	0
-4104,230469	0
-4098,707031	0
-4093,182861	0
-4087,659180	0
-4082,135254	0
-4076,611328	0
-4071,087402	0
-4065,563721	0
-4060,039795	0
-4054,515869	0
-4048,991943	0
-4043,468262	1
-4037,944336	0
-4032,420410	0
-4026,896484	0
-4021,372803	0
-4015,848877	0
-4010,324951	0
-4004,801025	0
-3999,277344	0
-3993,753418	0
-3988,229492	0
-3982,705566	0
-3977,181885	0
-3971,657959	1
-3966,134033	0
-3960,610107	0
-3955,086426	0
-3949,562500	0
-3944,038574	0
-3938,514893	0
-3932,990967	0
-3927,467041	0
-3921,943115	0
-3916,419434	0
-3910,895508	0
-3905,371582	0
-3899,847656	0
-3894,323975	0
-3888,800049	0
-3883,276123	0
-3877,752197	0
-3872,228516	0
-3866,704590	0
-3861,180664	0
-3855,656738	0
-3850,133057	0
-3844,609131	0
-3839,085205	0
-3833,561279	0
-3828,037598	0
-3822,513672	0
-3816,989746	1
-3811,465820	0
-3805,942139	0
-3800,418213	1
-3794,894287	1
-3789,370361	1
-3783,846680	0
-3778,322754	0
-3772,798828	0
-3767,274902	0
-3761,751221	1
-3756,227295	1
-3750,703369	0
-3745,179443	0
-3739,655762	0
-3734,131836	0
-3728,607910	0
-3723,083984	0
-3717,560303	0
-3712,036377	0
-3706,512451	0
-3700,988525	0
-3695,464844	0
-3689,940918	0
-3684,416992	0
-3678,893066	0
-3673,369385	0
-3667,845459	0
-3662,321533	0
-3656,797607	0
-3651,273926	0
-3645,750000	0
-3640,226074	0
-3634,702393	0
-3629,178467	0
-3623,654541	0
-3618,130615	0
-3612,606934	0
-3607,083008	1
-3601,559082	0
-3596,035156	0
-3590,511475	0
-3584,987549	0
-3579,463623	0
-3573,939697	0
-3568,416016	0
-3562,892090	0
-3557,368164	0
-3551,844238	0
-3546,320557	1
-3540,796631	0
-3535,272705	0
-3529,748779	0
-3524,225098	0
-3518,701172	0
-3513,177246	0
-3507,653320	0
-3502,129639	0
-3496,605713	0
-3491,081787	0
-3485,557861	0
-3480,034180	0
-3474,510254	1
-3468,986328	0
-3463,462402	0
-3457,938721	0
-3452,414795	0
-3446,890869	0
-3441,366943	0
-3435,843262	0
-3430,319336	0
-3424,795410	0
-3419,271484	0
-3413,747803	0
-3408,223877	0
-3402,699951	0
-3397,176025	0
-3391,652344	0
-3386,128418	0
-3380,604492	0
-3375,080566	0
-3369,556885	0
-3364,032959	0
-3358,509033	0
-3352,985107	0
-3347,461426	0
-3341,937500	0
-3336,413574	0
-3330,889893	0
-3325,365967	0
-3319,842041	0
-3314,318115	0
-3308,794434	0
-3303,270508	0
-3297,746582	0
-3292,222656	0
-3286,698975	0
-3281,175049	0
-3275,651123	0
-3270,127197	0
-3264,603516	0
-3259,079590	0
-3253,555664	0
-3248,031738	1
-3242,508057	0
-3236,984131	0
-3231,460205	0
-3225,936279	0
-3220,412598	0
-3214,888672	0
-3209,364746	0
-3203,840820	0
-3198,317139	1
-3192,793213	0
-3187,269287	0
-3181,745361	0
-3176,221680	1
-3170,697754	0
-3165,173828	0
-3159,649902	2
-3154,126221	0
-3148,602295	0
-3143,078369	0
-3137,554443	0
-3132,030762	0
-3126,506836	0
-3120,982910	0
-3115,458984	1
-3109,935303	0
-3104,411377	0
-3098,887451	0
-3093,363525	0
-3087,839844	0
-3082,315918	0
-3076,791992	0
-3071,268066	0
-3065,744385	0
-3060,220459	0
-3054,696533	0
-3049,172607	0
-3043,648926	0
-3038,125000	0
-3032,601074	0
-3027,077393	0
-3021,553467	0
-3016,029541	0
-3010,505615	0
-3004,981934	0
-2999,458008	0
-2993,934082	0
-2988,410156	0
-2982,886475	0
-2977,362549	0
-2971,838623	0
-2966,314697	0
-2960,791016	0
-2955,267090	0
-2949,743164	0
-2944,219238	0
-2938,695557	0
-2933,171631	0
-2927,647705	0
-2922,123779	0
-2916,600098	0
-2911,076172	0
-2905,552246	0
-2900,028320	0
-2894,504639	0
-2888,980713	0
-2883,456787	0
-2877,932861	1
-2872,409180	0
-2866,885254	0
-2861,361328	0
-2855,837402	0
-2850,313721	0
-2844,789795	0
-2839,265869	0
-2833,741943	0
-2828,218262	0
-2822,694336	0
-2817,170410	1
-2811,646484	0
-2806,122803	0
-2800,598877	0
-2795,074951	0
-2789,551025	0
-2784,027344	0
-2778,503418	0
-2772,979492	0
-2767,455566	1
-2761,931885	0
-2756,407959	0
-2750,884033	0
-2745,360107	0
-2739,836426	1
-2734,312500	0
-2728,788574	0
-2723,264893	0
-2717,740967	0
-2712,217041	0
-2706,693115	0
-2701,169434	0
-2695,645508	0
-2690,121582	0
-2684,597656	0
-2679,073975	0
-2673,550049	0
-2668,026123	0
-2662,502197	0
-2656,978516	0
-2651,454590	0
-2645,930664	0
-2640,406738	0
-2634,883057	0
-2629,359131	1
-2623,835205	0
-2618,311279	0
-2612,787598	0
-2607,263672	0
-2601,739746	0
-2596,215820	0
-2590,692139	0
-2585,168213	0
-2579,644287	0
-2574,120361	0
-2568,596680	0
-2563,072754	0
-2557,548828	1
-2552,024902	0
-2546,501221	0
-2540,977295	1
-2535,453369	1
-2529,929443	0
-2524,405762	0
-2518,881836	0
-2513,357910	0
-2507,833984	0
-2502,310303	0
-2496,786377	0
-2491,262451	0
-2485,738525	1
-2480,214844	0
-2474,690918	0
-2469,166992	0
-2463,643066	0
-2458,119385	0
-2452,595459	0
-2447,071533	0
-2441,547607	0
-2436,023926	0
-2430,500000	0
-2424,976074	0
-2419,452393	0
-2413,928467	0
-2408,404541	0
-2402,880615	0
-2397,356934	0
-2391,833008	0
-2386,309082	0
-2380,785156	0
-2375,261475	0
-2369,737549	0
-2364,213623	0
-2358,689697	1
-2353,166016	0
-2347,642090	0
-2342,118164	0
-2336,594238	0
-2331,070557	0
-2325,546631	0
-2320,022705	0
-2314,498779	0
-2308,975098	0
-2303,451172	0
-2297,927246	1
-2292,403320	0
-2286,879639	0
-2281,355713	0
-2275,831787	0
-2270,307861	0
-2264,784180	0
-2259,260254	0
-2253,736328	0
-2248,212402	0
-2242,688721	0
-2237,164795	0
-2231,640869	0
-2226,116943	0
-2220,593262	0
-2215,069336	0
-2209,545410	0
-2204,021484	0
-2198,497803	0
-2192,973877	0
-2187,449951	0
-2181,926025	1
-2176,402344	0
-2170,878418	1
-2165,354492	0
-2159,830566	0
-2154,306885	0
-2148,782959	0
-2143,259033	1
-2137,735107	0
-2132,211426	0
-2126,687500	0
-2121,163574	0
-2115,639893	1
-2110,115967	0
-2104,592041	0
-2099,068115	0
-2093,544434	0
-2088,020508	0
-2082,496582	0
-2076,972656	0
-2071,448975	2
-2065,925049	0
-2060,401123	0
-2054,877197	1
-2049,353516	2
-2043,829590	0
-2038,305664	0
-2032,781860	0
-2027,257935	1
-2021,734131	0
-2016,210205	0
-2010,686401	0
-2005,162476	0
-1999,638672	0
-1994,114746	0
-1988,590942	0
-1983,067017	0
-1977,543213	0
-1972,019287	1
-1966,495483	0
-1960,971558	0
-1955,447754	1
-1949,923828	0
-1944,400024	0
-1938,876099	0
-1933,352295	0
-1927,828369	0
-1922,304565	0
-1916,780640	0
-1911,256836	0
-1905,732910	0
-1900,209106	0
-1894,685181	0
-1889,161377	0
-1883,637451	0
-1878,113647	0
-1872,589722	0
-1867,065918	0
-1861,541992	0
-1856,018188	0
-1850,494263	0
-1844,970459	0
-1839,446533	1
-1833,922729	1
-1828,398804	1
-1822,875000	0
-1817,351196	0
-1811,827271	0
-1806,303467	0
-1800,779541	0
-1795,255737	0
-1789,731812	0
-1784,208008	0
-1778,684082	0
-1773,160278	2
-1767,636353	0
-1762,112549	0
-1756,588623	0
-1751,064819	0
-1745,540894	0
-1740,017090	0
-1734,493164	1
-1728,969360	1
-1723,445435	1
-1717,921631	1
-1712,397705	1
-1706,873901	0
-1701,349976	0
-1695,826172	0
-1690,302246	0
-1684,778442	1
-1679,254517	0
-1673,730713	0
-1668,206787	0
-1662,682983	0
-1657,159058	0
-1651,635254	0
-1646,111328	0
-1640,587524	0
-1635,063599	0
-1629,539795	0
-1624,015869	0
-1618,492065	1
-1612,968140	0
-1607,444336	0
-1601,920410	0
-1596,396606	0
-1590,872681	0
-1585,348877	0
-1579,824951	0
-1574,301147	0
-1568,777222	1
-1563,253418	0
-1557,729492	0
-1552,205688	0
-1546,681763	0
-1541,157959	0
-1535,634033	0
-1530,110229	0
-1524,586304	0
-1519,062500	0
-1513,538696	0
-1508,014771	1
-1502,490967	0
-1496,967041	0
-1491,443237	0
-1485,919312	1
-1480,395508	0
-1474,871582	0
-1469,347778	0
-1463,823853	0
-1458,300049	0
-1452,776123	0
-1447,252319	1
-1441,728394	0
-1436,204590	0
-1430,680664	0
-1425,156860	0
-1419,632935	0
-1414,109131	0
-1408,585205	0
-1403,061401	0
-1397,537476	0
-1392,013672	0
-1386,489746	0
-1380,965942	0
-1375,442017	0
-1369,918213	1
-1364,394287	1
-1358,870483	0
-1353,346558	0
-1347,822754	0
-1342,298828	0
-1336,775024	0
-1331,251099	0
-1325,727295	0
-1320,203369	0
-1314,679565	0
-1309,155640	0
-1303,631836	0
-1298,107910	0
-1292,584106	0
-1287,060181	0
-1281,536377	0
-1276,012451	0
-1270,488647	0
-1264,964722	0
-1259,440918	0
-1253,916992	0
-1248,393188	1
-1242,869263	0
-1237,345459	0
-1231,821533	1
-1226,297729	0
-1220,773804	0
-1215,250000	0
-1209,726196	0
-1204,202271	0
-1198,678467	0
-1193,154541	0
-1187,630737	0
-1182,106812	0
-1176,583008	0
-1171,059082	0
-1165,535278	0
-1160,011353	0
-1154,487549	0
-1148,963623	1
-1143,439819	0
-1137,915894	0
-1132,392090	0
-1126,868164	0
-1121,344360	0
-1115,820435	0
-1110,296631	1
-1104,772705	0
-1099,248901	0
-1093,724976	0
-1088,201172	0
-1082,677246	0
-1077,153442	1
-1071,629517	0
-1066,105713	0
-1060,581787	0
-1055,057983	0
-1049,534058	0
-1044,010254	0
-1038,486328	0
-1032,962524	0
-1027,438599	0
-1021,914795	0
-1016,390930	0
-1010,867065	0
-1005,343201	0
-999,819336	0
-994,295471	0
-988,771606	0
-983,247742	0
-977,723877	0
-972,200012	0
-966,676147	0
-961,152283	0
-955,628418	0
-950,104553	0
-944,580688	0
-939,056824	0
-933,532959	0
-928,009094	0
-922,485229	0
-916,961365	0
-911,437500	0
-905,913635	0
-900,389771	0
-894,865906	0
-889,342041	1
-883,818176	0
-878,294312	0
-872,770447	0
-867,246582	0
-861,722717	0
-856,198853	0
-850,674988	0
-845,151123	0
-839,627258	0
-834,103394	0
-828,579529	0
-823,055664	0
-817,531799	0
-812,007935	2
-806,484070	0
-800,960205	0
-795,436340	0
-789,912476	0
-784,388611	0
-778,864746	0
-773,340881	0
-767,817017	0
-762,293152	0
-756,769348	0
-751,245483	0
-745,721619	0
-740,197754	0
-734,673889	0
-729,150024	0
-723,626160	0
-718,102295	0
-712,578430	0
-707,054565	0
-701,530701	0
-696,006836	0
-690,482971	0
-684,959106	0
-679,435242	0
-673,911377	0
-668,387512	0
-662,863647	0
-657,339783	2
-651,815918	2
-646,292053	0
-640,768188	0
-635,244324	0
-629,720459	0
-624,196594	0
-618,672729	0
-613,148865	0
-607,625000	1
-602,101135	0
-596,577271	0
-591,053406	1
-585,529541	0
-580,005676	0
-574,481812	0
-568,957947	0
-563,434082	0
-557,910217	0
-552,386353	1
-546,862488	1
-541,338623	0
-535,814758	0
-530,290894	0
-524,767029	0
-519,243164	0
-513,719299	0
-508,195465	0
-502,671600	0
-497,147736	0
-491,623871	0
-486,100006	0
-480,576141	0
-475,052277	0
-469,528412	0
-464,004547	0
-458,480682	0
-452,956818	0
-447,432953	0
-441,909088	0
-436,385223	3
-430,861359	0
-425,337494	0
-419,813629	0
-414,289764	0
-408,765900	0
-403,242035	1
-397,718170	0
-392,194305	0
-386,670441	0
-381,146576	0
-375,622742	1
-370,098877	0
-364,575012	1
-359,051147	0
-353,527283	0
-348,003418	1
-342,479553	1
-336,955688	0
-331,431824	2
-325,907959	0
-320,384094	0
-314,860229	2
-309,336365	2
-303,812500	1
-298,288635	0
-292,764771	0
-287,240906	4
-281,717041	0
-276,193176	2
-270,669312	3
-265,145447	0
-259,621582	0
-254,097733	1
-248,573868	1
-243,050003	3
-237,526138	2
-232,002274	2
-226,478409	3
-220,954544	0
-215,430679	0
-209,906815	1
-204,382950	1
-198,859085	1
-193,335220	1
-187,811371	1
-182,287506	6
-176,763641	6
-171,239777	1
-165,715912	1
-160,192047	3
-154,668182	6
-149,144318	5
-143,620453	5
-138,096588	9
-132,572723	10
-127,048866	10
-121,525002	14
-116,001137	15
-110,477272	18
-104,953407	18
-99,429543	21
-93,905685	22
-88,381821	26
-82,857956	32
-77,334091	31
-71,810226	32
-66,286362	34
-60,762501	41
-55,238636	49
-49,714771	67
-44,190910	94
-38,667046	136
-33,143181	225
-27,619318	409
-22,095455	721
-16,571590	1159
-11,047728	1568
-5,523864	1831
0,000000	1936
5,523864	1845
11,047728	1524
16,571590	1035
22,095455	561
27,619318	277
33,143181	149
38,667046	88
44,190910	63
49,714771	54
55,238636	46
60,762501	38
66,286362	40
71,810226	37
77,334091	39
82,857956	34
88,381821	35
93,905685	33
99,429543	30
104,953407	28
110,477272	19
116,001137	14
121,525002	11
127,048866	10
132,572723	10
138,096588	12
143,620453	9
149,144318	6
154,668182	5
160,192047	5
165,715912	7
171,239777	4
176,763641	8
182,287506	6
187,811371	2
193,335220	2
198,859085	2
204,382950	2
209,906815	4
215,430679	2
220,954544	1
226,478409	1
232,002274	1
237,526138	1
243,050003	2
248,573868	4
254,097733	2
259,621582	1
265,145447	2
270,669312	2
276,193176	1
281,717041	3
287,240906	8
292,764771	4
298,288635	2
303,812500	1
309,336365	1
314,860229	0
320,384094	0
325,907959	0
331,431824	2
336,955688	3
342,479553	1
348,003418	1
353,527283	0
359,051147	1
364,575012	0
370,098877	0
375,622742	1
381,146576	3
386,670441	0
392,194305	0
397,718170	1
403,242035	0
408,765900	0
414,289764	0
419,813629	0
425,337494	0
430,861359	2
436,385223	0
441,909088	0
447,432953	0
452,956818	0
458,480682	0
464,004547	0
469,528412	0
475,052277	0
480,576141	0
486,100006	3
491,623871	0
497,147736	1
502,671600	0
508,195465	0
513,719299	0
519,243164	0
524,767029	1
530,290894	1
535,814758	0
541,338623	0
546,862488	1
552,386353	2
557,910217	1
563,434082	0
568,957947	0
574,481812	0
580,005676	0
585,529541	0
591,053406	0
596,577271	0
602,101135	0
607,625000	0
613,148865	1
618,672729	1
624,196594	0
629,720459	0
635,244324	0
640,768188	0
646,292053	0
651,815918	0
657,339783	0
662,863647	0
668,387512	0
673,911377	0
679,435242	0
684,959106	1
690,482971	0
696,006836	0
701,530701	1
707,054565	0
712,578430	0
718,102295	0
723,626160	0
729,150024	0
734,673889	1
740,197754	0
745,721619	0
751,245483	0
756,769348	1
762,293152	2
767,817017	1
773,340881	0
778,864746	1
784,388611	0
789,912476	0
795,436340	0
800,960205	1
806,484070	0
812,007935	0
817,531799	0
823,055664	1
828,579529	0
834,103394	0
839,627258	0
845,151123	0
850,674988	0
856,198853	0
861,722717	0
867,246582	0
872,770447	0
878,294312	0
883,818176	0
889,342041	0
894,865906	0
900,389771	0
905,913635	0
911,437500	0
916,961365	0
922,485229	0
928,009094	0
933,532959	0
939,056824	0
944,580688	0
950,104553	0
955,628418	0
961,152283	0
966,676147	0
972,200012	0
977,723877	0
983,247742	0
988,771606	0
994,295471	2
999,819336	0
1005,343201	0
1010,867065	0
1016,390930	0
1021,914795	0
1027,438599	0
1032,962524	0
1038,486328	0
1044,010254	0
1049,534058	0
1055,057983	0
1060,581787	0
1066,105713	1
1071,629517	0
1077,153442	0
1082,677246	0
1088,201172	0
1093,724976	0
1099,248901	0
1104,772705	1
1110,296631	0
1115,820435	0
1121,344360	0
1126,868164	1
1132,392090	1
1137,915894	0
1143,439819	0
1148,963623	1
1154,487549	1
1160,011353	0
1165,535278	0
1171,059082	0
1176,583008	0
1182,106812	0
1187,630737	0
1193,154541	0
1198,678467	0
1204,202271	0
1209,726196	0
1215,250000	0
1220,773804	0
1226,297729	0
1231,821533	0
1237,345459	0
1242,869263	0
1248,393188	0
1253,916992	0
1259,440918	0
1264,964722	0
1270,488647	0
1276,012451	0
1281,536377	0
1287,060181	0
1292,584106	0
1298,107910	0
1303,631836	0
1309,155640	0
1314,679565	0
1320,203369	0
1325,727295	1
1331,251099	0
1336,775024	0
1342,298828	0
1347,822754	0
1353,346558	0
1358,870483	0
1364,394287	0
1369,918213	0
1375,442017	0
1380,965942	0
1386,489746	0
1392,013672	0
1397,537476	0
1403,061401	0
1408,585205	0
1414,109131	0
1419,632935	1
1425,156860	0
1430,680664	0
1436,204590	3
1441,728394	0
1447,252319	0
1452,776123	0
1458,300049	0
1463,823853	0
1469,347778	0
1474,871582	0
1480,395508	0
1485,919312	0
1491,443237	0
1496,967041	0
1502,490967	0
1508,014771	0
1513,538696	1
1519,062500	0
1524,586304	0
1530,110229	1
1535,634033	2
1541,157959	0
1546,681763	0
1552,205688	0
1557,729492	0
1563,253418	0
1568,777222	0
1574,301147	0
1579,824951	0
1585,348877	1
1590,872681	0
1596,396606	1
1601,920410	0
1607,444336	0
1612,968140	0
1618,492065	0
1624,015869	0
1629,539795	0
1635,063599	1
1640,587524	0
1646,111328	0
1651,635254	0
1657,159058	0
1662,682983	0
1668,206787	0
1673,730713	0
1679,254517	1
1684,778442	0
1690,302246	0
1695,826172	0
1701,349976	0
1706,873901	0
1712,397705	0
1717,921631	0
1723,445435	0
1728,969360	0
1734,493164	0
1740,017090	0
1745,540894	0
1751,064819	0
1756,588623	0
1762,112549	1
1767,636353	1
1773,160278	0
1778,684082	0
1784,208008	0
1789,731812	1
1795,255737	1
1800,779541	0
1806,303467	0
1811,827271	0
1817,351196	1
1822,875000	0
1828,398804	0
1833,922729	0
1839,446533	0
1844,970459	0
1850,494263	0
1856,018188	0
1861,541992	0
1867,065918	0
1872,589722	0
1878,113647	0
1883,637451	0
1889,161377	0
1894,685181	0
1900,209106	0
1905,732910	0
1911,256836	0
1916,780640	0
1922,304565	2
1927,828369	1
1933,352295	1
1938,876099	0
1944,400024	0
1949,923828	0
1955,447754	0
1960,971558	0
1966,495483	0
1972,019287	1
1977,543213	0
1983,067017	0
1988,590942	2
1994,114746	1
1999,638672	0
2005,162476	1
2010,686401	0
2016,210205	0
2021,734131	0
2027,257935	0
2032,781860	0
2038,305664	0
2043,829590	0
2049,353516	0
2054,877197	0
2060,401123	0
2065,925049	0
2071,448975	1
2076,972656	2
2082,496582	1
2088,020508	0
2093,544434	0
2099,068115	0
2104,592041	1
2110,115967	0
2115,639893	0
2121,163574	1
2126,687500	0
2132,211426	0
2137,735107	0
2143,259033	0
2148,782959	0
2154,306885	0
2159,830566	0
2165,354492	0
2170,878418	0
2176,402344	0
2181,926025	0
2187,449951	0
2192,973877	0
2198,497803	0
2204,021484	0
2209,545410	0
2215,069336	0
2220,593262	0
2226,116943	0
2231,640869	0
2237,164795	1
2242,688721	2
2248,212402	0
2253,736328	1
2259,260254	2
2264,784180	0
2270,307861	0
2275,831787	1
2281,355713	0
2286,879639	1
2292,403320	1
2297,927246	0
2303,451172	0
2308,975098	0
2314,498779	0
2320,022705	1
2325,546631	0
2331,070557	1
2336,594238	0
2342,118164	0
2347,642090	0
2353,166016	0
2358,689697	0
2364,213623	1
2369,737549	0
2375,261475	0
2380,785156	0
2386,309082	0
2391,833008	0
2397,356934	1
2402,880615	0
2408,404541	1
2413,928467	0
2419,452393	0
2424,976074	0
2430,500000	0
2436,023926	0
2441,547607	0
2447,071533	0
2452,595459	0
2458,119385	0
2463,643066	0
2469,166992	2
2474,690918	0
2480,214844	0
2485,738525	0
2491,262451	1
2496,786377	0
2502,310303	0
2507,833984	0
2513,357910	0
2518,881836	0
2524,405762	0
2529,929443	0
2535,453369	0
2540,977295	0
2546,501221	0
2552,024902	0
2557,548828	1
2563,072754	2
2568,596680	0
2574,120361	1
2579,644287	0
2585,168213	0
2590,692139	0
2596,215820	0
2601,739746	0
2607,263672	0
2612,787598	0
2618,311279	1
2623,835205	1
2629,359131	0
2634,883057	0
2640,406738	0
2645,930664	0
2651,454590	1
2656,978516	0
2662,502197	0
2668,026123	0
2673,550049	0
2679,073975	1
2684,597656	2
2690,121582	3
2695,645508	1
2701,169434	0
2706,693115	0
2712,217041	1
2717,740967	1
2723,264893	0
2728,788574	0
2734,312500	0
2739,836426	1
2745,360107	0
2750,884033	0
2756,407959	0
2761,931885	0
2767,455566	1
2772,979492	0
2778,503418	0
2784,027344	1
2789,551025	0
2795,074951	0
2800,598877	0
2806,122803	1
2811,646484	0
2817,170410	0
2822,694336	0
2828,218262	0
2833,741943	0
2839,265869	0
2844,789795	0
2850,313721	0
2855,837402	0
2861,361328	1
2866,885254	0
2872,409180	0
2877,932861	0
2883,456787	0
2888,980713	0
2894,504639	0
2900,028320	0
2905,552246	0
2911,076172	0
2916,600098	0
2922,123779	0
2927,647705	0
2933,171631	0
2938,695557	0
2944,219238	0
2949,743164	0
2955,267090	0
2960,791016	0
2966,314697	0
2971,838623	0
2977,362549	0
2982,886475	0
2988,410156	0
2993,934082	0
2999,458008	0
3004,981934	1
3010,505615	0
3016,029541	0
3021,553467	0
3027,077393	0
3032,601074	0
3038,125000	1
3043,648926	2
3049,172607	2
3054,696533	0
3060,220459	1
3065,744385	0
3071,268066	0
3076,791992	2
3082,315918	0
3087,839844	0
3093,363525	0
3098,887451	1
3104,411377	0
3109,935303	2
3115,458984	0
3120,982910	0
3126,506836	0
3132,030762	0
3137,554443	2
3143,078369	1
3148,602295	0
3154,126221	0
3159,649902	0
3165,173828	0
3170,697754	0
3176,221680	0
3181,745361	0
3187,269287	0
3192,793213	0
3198,317139	2
3203,840820	1
3209,364746	1
3214,888672	0
3220,412598	0
3225,936279	0
3231,460205	0
3236,984131	0
3242,508057	0
3248,031738	0
3253,555664	0
3259,079590	0
3264,603516	0
3270,127197	0
3275,651123	0
3281,175049	0
3286,698975	0
3292,222656	0
3297,746582	1
3303,270508	0
3308,794434	1
3314,318115	0
3319,842041	0
3325,365967	0
3330,889893	0
3336,413574	0
3341,937500	0
3347,461426	0
3352,985107	0
3358,509033	0
3364,032959	0
3369,556885	0
3375,080566	0
3380,604492	0
3386,128418	1
3391,652344	0
3397,176025	0
3402,699951	0
3408,223877	1
3413,747803	1
3419,271484	1
3424,795410	1
3430,319336	2
3435,843262	1
3441,366943	0
3446,890869	0
3452,414795	0
3457,938721	0
3463,462402	0
3468,986328	0
3474,510254	0
3480,034180	0
3485,557861	0
3491,081787	0
3496,605713	0
3502,129639	0
3507,653320	2
3513,177246	0
3518,701172	0
3524,225098	0
3529,748779	0
3535,272705	0
3540,796631	0
3546,320557	0
3551,844238	0
3557,368164	1
3562,892090	0
3568,416016	0
3573,939697	0
3579,463623	0
3584,987549	0
3590,511475	0
3596,035156	0
3601,559082	0
3607,083008	0
3612,606934	0
3618,130615	0
3623,654541	0
3629,178467	0
3634,702393	0
3640,226074	0
3645,750000	1
3651,273926	0
3656,797607	1
3662,321533	3
3667,845459	0
3673,369385	0
3678,893066	1
3684,416992	0
3689,940918	0
3695,464844	0
3700,988525	0
3706,512451	1
3712,036377	0
3717,560303	0
3723,083984	1
3728,607910	0
3734,131836	2
3739,655762	2
3745,179443	1
3750,703369	1
3756,227295	1
3761,751221	0
3767,274902	3
3772,798828	0
3778,322754	0
3783,846680	0
3789,370361	0
3794,894287	0
3800,418213	0
3805,942139	0
3811,465820	0
3816,989746	1
3822,513672	0
3828,037598	0
3833,561279	0
3839,085205	0
3844,609131	0
3850,133057	0
3855,656738	0
3861,180664	0
3866,704590	0
3872,228516	0
3877,752197	0
3883,276123	0
3888,800049	0
3894,323975	0
3899,847656	1
3905,371582	1
3910,895508	3
3916,419434	2
3921,943115	0
3927,467041	0
3932,990967	1
3938,514893	3
3944,038574	2
3949,562500	3
3955,086426	3
3960,610107	2
3966,134033	5
3971,657959	3
3977,181885	9
3982,705566	9
3988,229492	10
3993,753418	11
3999,277344	13
4004,801025	13
4010,324951	17
4015,848877	19
4021,372803	17
4026,896484	17
4032,420410	18
4037,944336	18
4043,468262	20
4048,991943	19
4054,515869	20
4060,039795	20
4065,563721	20
4071,087402	22
4076,611328	21
4082,135254	20
4087,659180	21
4093,182861	21
4098,707031	21
4104,230469	21
4109,754395	23
4115,278320	30
4120,802246	33
4126,326172	38
4131,850098	42
4137,374023	51
4142,897949	60
4148,421387	71
4153,945313	81
4159,469238	93
4164,993164	105
4170,517090	119
4176,041016	133
4181,564941	148
4187,088867	164
4192,612305	181
4198,136230	197
4203,660156	214
4209,184082	228
4214,708008	243
4220,231934	257
4225,755859	270
4231,279785	279
4236,803223	287
4242,327148	297
4247,851074	303
4253,375000	302
4258,898926	308
4264,422852	316
4269,946777	316
4275,470215	322
4280,994141	324
4286,518066	320
4292,041992	323
4297,565918	313
4303,089844	309
4308,613770	308
4314,137695	297
4319,661133	286
4325,185059	275
4330,708984	266
4336,232910	258
4341,756836	245
4347,280762	246
4352,804688	257
4358,328613	272
4363,852051	286
4369,375977	303
4374,899902	328
4380,423828	341
4385,947754	355
4391,471680	360
4396,995605	366
4402,519531	376
4408,042969	384
4413,566895	391
4419,090820	399
4424,614746	401
4430,138672	408
4435,662598	406
4441,186523	416
4446,710449	416
4452,233887	427
4457,757813	424
4463,281738	428
4468,805664	423
4474,329590	425
4479,853516	429
4485,377441	437
4490,901367	439
4496,424805	442
4501,948730	442
4507,472656	442
4512,996582	447
4518,520508	448
4524,044434	446
4529,568359	449
4535,092285	448
4540,615723	449
4546,139648	451
4551,663574	451
4557,187500	445
4562,711426	446
4568,235352	451
4573,759277	457
4579,282715	455
4584,806641	459
4590,330566	457
4595,854492	463
4601,378418	463
4606,902344	467
4612,426270	469
4617,950195	470
4623,473633	469
4628,997559	478
4634,521484	479
4640,045410	482
4645,569336	482
4651,093262	484
4656,617188	483
4662,141113	486
4667,664551	487
4673,188477	492
4678,712402	495
4684,236328	494
4689,760254	494
4695,284180	498
4700,808105	501
4706,332031	505
4711,855469	511
4717,379395	510
4722,903320	512
4728,427246	515
4733,951172	520
4739,475098	526
4744,999023	522
4750,522949	531
4756,046387	529
4761,570313	532
4767,094238	533
4772,618164	535
4778,142090	535
4783,666016	531
4789,189941	529
4794,713867	536
4800,237305	532
4805,761230	529
4811,285156	526
4816,809082	520
4822,333008	511
4827,856934	502
4833,380859	485
4838,904785	463
4844,428223	438
4849,952148	415
4855,476074	395
4861,000000	388
4866,523926	389
4872,047852	391
4877,571777	398
4883,095215	418
4888,619141	438
4894,143066	454
4899,666992	470
4905,190918	476
4910,714844	480
4916,238770	483
4921,762695	488
4927,286133	491
4932,810059	486
4938,333984	488
4943,857910	492
4949,381836	496
4954,905762	496
4960,429688	491
4965,953613	490
4971,477051	489
4977,000977	485
4982,524902	481
4988,048828	482
4993,572754	481
4999,096680	475
5004,620605	469
5010,144531	467
5015,667969	462
5021,191895	461
5026,715820	458
5032,239746	455
5037,763672	453
5043,287598	450
5048,811523	445
5054,335449	447
5059,858887	446
5065,382813	448
5070,906738	444
5076,430664	442
5081,954590	436
5087,478516	435
5093,002441	437
5098,526367	439
5104,049805	435
5109,573730	434
5115,097656	426
5120,621582	426
5126,145508	426
5131,669434	417
5137,193359	417
5142,717285	413
5148,240723	410
5153,764648	404
5159,288574	397
5164,812500	397
5170,336426	393
5175,860352	394
5181,384277	394
5186,907715	392
5192,431641	392
5197,955566	379
5203,479492	381
5209,003418	381
5214,527344	378
5220,051270	372
5225,575195	369
5231,098633	368
5236,622559	368
5242,146484	363
5247,670410	366
5253,194336	362
5258,718262	356
5264,242188	354
5269,766113	347
5275,289551	348
5280,813477	345
5286,337402	338
5291,861328	338
5297,385254	339
5302,909180	338
5308,433105	334
5313,957031	332
5319,480469	328
5325,004395	325
5330,528320	322
5336,052246	322
5341,576172	326
5347,100098	323
5352,624023	323
5358,147949	321
5363,671387	322
5369,195313	324
5374,719238	320
5380,243164	313
5385,767090	312
5391,291016	316
5396,814941	307
5402,338867	308
5407,862305	312
5413,386230	311
5418,910156	307
5424,434082	307
5429,958008	305
5435,481934	308
5441,005859	309
5446,529785	312
5452,053223	310
5457,577148	300
5463,101074	311
5468,625000	310
5474,148926	307
5479,672852	305
5485,196777	306
5490,720215	308
5496,244141	308
5501,768066	309
5507,291992	305
5512,815918	303
5518,339844	298
5523,863770	303
5529,387695	304
5534,911133	302
5540,435059	303
5545,958984	298
5551,482910	295
5557,006836	295
5562,530762	292
5568,054688	286
5573,578613	287
5579,102051	290
5584,625977	285
5590,149902	283
5595,673828	283
5601,197754	283
5606,721680	289
5612,245605	288
5617,769531	282
5623,292969	279
5628,816895	278
5634,340820	273
5639,864746	268
5645,388672	277
5650,912598	273
5656,436523	267
5661,960449	263
5667,483887	265
5673,007813	266
5678,531738	259
5684,055664	264
5689,579590	258
5695,103516	263
5700,627441	270
5706,151367	266
5711,674805	260
5717,198730	257
5722,722656	263
5728,246582	262
5733,770508	266
5739,294434	265
5744,818359	266
5750,342285	272
5755,865723	265
5761,389648	269
5766,913574	273
5772,437500	280
5777,961426	280
5783,485352	282
5789,009277	279
5794,532715	285
5800,056641	284
5805,580566	283
5811,104492	288
5816,628418	292
5822,152344	290
5827,676270	290
5833,200195	293
5838,723633	297
5844,247559	294
5849,771484	296
5855,295410	298
5860,819336	293
5866,343262	294
5871,867188	295
5877,391113	291
5882,914551	285
5888,438477	281
5893,962402	283
5899,486328	280
5905,010254	280
5910,534180	278
5916,058105	278
5921,582031	277
5927,105469	274
5932,629395	271
5938,153320	268
5943,677246	267
5949,201172	268
5954,725098	264
5960,249023	257
5965,772949	261
5971,296387	255
5976,820313	251
5982,344238	248
5987,868164	245
5993,392090	243
5998,916016	235
6004,439941	236
6009,963867	234
6015,487305	230
6021,011230	225
6026,535156	219
6032,059082	217
6037,583008	212
6043,106934	210
6048,630859	209
6054,154785	202
6059,678223	199
6065,202148	197
6070,726074	195
6076,250000	193
6081,773926	190
6087,297852	191
6092,821777	184
6098,345215	177
6103,869141	177
6109,393066	174
6114,916992	172
6120,440918	170
6125,964844	169
6131,488770	169
6137,012695	167
6142,536133	164
6148,060059	159
6153,583984	155
6159,107910	155
6164,631836	156
6170,155762	156
6175,679688	151
6181,203613	156
6186,727051	150
6192,250977	146
6197,774902	144
6203,298828	143
6208,822754	144
6214,346680	140
6219,870605	136
6225,394531	139
6230,917969	136
6236,441895	132
6241,965820	130
6247,489746	130
6253,013672	126
6258,537598	125
6264,061523	123
6269,585449	124
6275,108887	124
6280,632813	120
6286,156738	115
6291,680664	114
6297,204590	118
6302,728516	116
6308,252441	112
6313,776367	111
6319,299805	108
6324,823730	102
6330,347656	109
6335,871582	107
6341,395508	102
6346,919434	102
6352,443359	100
6357,967285	99
6363,490723	101
6369,014648	95
6374,538574	94
6380,062500	96
6385,586426	94
6391,110352	93
6396,634277	97
6402,157715	93
6407,681641	90
6413,205566	90
6418,729492	88
6424,253418	88
6429,777344	86
6435,301270	86
6440,825195	85
6446,348633	81
6451,872559	80
6457,396484	76
6462,920410	76
6468,444336	72
6473,968262	74
6479,492188	71
6485,016113	71
6490,539551	70
6496,063477	67
6501,587402	65
6507,111328	65
6512,635254	67
6518,159180	66
6523,683105	67
6529,207031	62
6534,730469	62
6540,254395	54
6545,778320	53
6551,302246	52
6556,826172	50
6562,350098	50
6567,874023	49
6573,397949	50
6578,921387	49
6584,445313	52
6589,969238	50
6595,493164	51
6601,017090	50
6606,541016	49
6612,064941	49
6617,588867	52
6623,112305	50
6628,636230	51
6634,160156	51
6639,684082	51
6645,208008	49
6650,731934	49
6656,255859	50
6661,779785	47
6667,303223	45
6672,827148	42
6678,351074	43
6683,875000	43
6689,398926	40
6694,922852	41
6700,446777	41
6705,970215	39
6711,494141	39
6717,018066	39
6722,541992	38
6728,065918	35
6733,589844	33
6739,113770	32
6744,637695	32
6750,161133	32
6755,685059	30
6761,208984	29
6766,732910	31
6772,256836	28
6777,780762	26
6783,304688	25
6788,828613	23
6794,352051	21
6799,875977	24
6805,399902	23
6810,923828	23
6816,447754	21
6821,971680	17
6827,495605	17
6833,019531	15
6838,542969	15
6844,066895	14
6849,590820	14
6855,114746	14
6860,638672	12
6866,162598	12
6871,686523	13
6877,210449	13
6882,733887	11
6888,257813	9
6893,781738	9
6899,305664	9
6904,829590	8
6910,353516	6
6915,877441	5
6921,401367	7
6926,924805	7
6932,448730	7
6937,972656	6
6943,496582	5
6949,020508	3
6954,544434	0
6960,068359	3
6965,592285	1
6971,115723	1
6976,639648	3
6982,163574	2
6987,687500	1
6993,211426	0
6998,735352	1
7004,259277	1
7009,782715	0
7015,306641	0
7020,830566	1
7026,354492	0
7031,878418	0
7037,402344	0
7042,926270	0
7048,450195	0
7053,973633	0
7059,497559	0
7065,021484	2
7070,545410	0
7076,069336	0
7081,593262	0
7087,117188	0
7092,641113	0
7098,164551	0
7103,688477	0
7109,212402	0
7114,736328	0
7120,260254	0
7125,784180	0
7131,308105	0
7136,832031	0
7142,355469	0
7147,879395	0
7153,403320	0
7158,927246	0
7164,451172	0
7169,975098	0
7175,499023	0
7181,022949	0
7186,546387	0
7192,070313	0
7197,594238	0
7203,118164	1
7208,642090	1
7214,166016	0
7219,689941	0
7225,213867	0
7230,737305	0
7236,261230	0
7241,785156	0
7247,309082	0
7252,833008	0
7258,356934	0
7263,880859	0
7269,404785	0
7274,928223	0
7280,452148	1
7285,976074	0
7291,500000	0
7297,023926	0
7302,547852	0
7308,071777	0
7313,595215	0
7319,119141	0
7324,643066	0
7330,166992	0
7335,690918	0
7341,214844	0
7346,738770	0
7352,262695	0
7357,786133	0
7363,310059	0
7368,833984	0
7374,357910	0
7379,881836	0
7385,405762	0
7390,929688	0
7396,453613	0
7401,977051	0
7407,500977	0
7413,024902	0
7418,548828	0
7424,072754	0
7429,596680	0
7435,120605	0
7440,644531	0
7446,167969	0
7451,691895	0
7457,215820	0
7462,739746	0
7468,263672	0
7473,787598	0
7479,311523	0
7484,835449	0
7490,358887	0
7495,882813	0
7501,406738	0
7506,930664	0
7512,454590	0
7517,978516	0
7523,502441	0
7529,026367	0
7534,549805	0
7540,073730	0
7545,597656	0
7551,121582	0
7556,645508	0
7562,169434	1
7567,693359	0
7573,217285	0
7578,740723	0
7584,264648	0
7589,788574	0
7595,312500	0
7600,836426	0
7606,360352	0
7611,884277	0
7617,407715	0
7622,931641	0
7628,455566	0
7633,979492	0
7639,503418	0
7645,027344	0
7650,551270	0
7656,075195	0
7661,598633	0
7667,122559	0
7672,646484	0
7678,170410	0
7683,694336	0
7689,218262	0
7694,742188	0
7700,266113	0
7705,789551	0
7711,313477	0
7716,837402	0
7722,361328	0
7727,885254	0
7733,409180	0
7738,933105	0
7744,457031	0
7749,980469	0
7755,504395	0
7761,028320	0
7766,552246	0
7772,076172	0
7777,600098	0
7783,124023	0
7788,647949	0
7794,171387	0
7799,695313	0
7805,219238	0
7810,743164	0
7816,267090	0
7821,791016	0
7827,314941	0
7832,838867	0
7838,362305	0
7843,886230	0
7849,410156	0
7854,934082	0
7860,458008	0
7865,981934	0
7871,505859	0
7877,029785	0
7882,553223	0
7888,077148	0
7893,601074	0
7899,125000	0
7904,648926	0
7910,172852	0
7915,696777	0
7921,220215	0
7926,744141	0
7932,268066	0
7937,791992	0
7943,315918	0
7948,839844	0
7954,363770	1
7959,887695	0
7965,411133	0
7970,935059	0
7976,458984	0
7981,982910	0
7987,506836	0
7993,030762	0
7998,554688	0
8004,078613	0
8009,602051	0
8015,125977	0
8020,649902	0
8026,173828	0
8031,697754	0
8037,221680	0
8042,745605	1
8048,269531	0
8053,792969	0
8059,316895	0
8064,840820	0
8070,364746	0
8075,888672	0
8081,412598	0
8086,936523	0
8092,460449	0
8097,983887	0
8103,507813	0
8109,031738	0
8114,555664	0
8120,079590	0
8125,603516	0
8131,127441	0
8136,651367	0
8142,174805	0
8147,698730	0
8153,222656	0
8158,746582	0
8164,270508	0
8169,794434	0
8175,318359	0
8180,842285	0
8186,365723	0
8191,889648	0
8197,414063	1
8202,937500	0
8208,460938	0
8213,985352	0
8219,508789	0
8225,033203	0
8230,556641	0
8236,081055	0
8241,604492	1
8247,127930	1
8252,652344	0
8258,175781	0
8263,700195	0
8269,223633	0
8274,748047	0
8280,271484	1
8285,795898	0
8291,319336	0
8296,842773	0
8302,367188	0
8307,890625	1
8313,415039	0
8318,938477	1
8324,462891	2
8329,986328	3
8335,509766	4
8341,034180	4
8346,557617	3
8352,082031	2
8357,605469	2
8363,129883	4
8368,653320	4
8374,177734	4
8379,701172	6
8385,224609	6
8390,749023	9
8396,272461	9
8401,796875	10
8407,320313	10
8412,844727	8
8418,368164	9
8423,891602	12
8429,416016	10
8434,939453	9
8440,463867	8
8445,987305	9
8451,511719	9
8457,035156	10
8462,559570	12
8468,083008	11
8473,606445	13
8479,130859	12
8484,654297	13
8490,178711	11
8495,702148	9
8501,226563	11
8506,750000	14
8512,273438	13
8517,797852	13
8523,321289	12
8528,845703	12
8534,369141	12
8539,893555	13
8545,416992	13
8550,940430	11
8556,464844	10
8561,988281	10
8567,512695	10
8573,036133	10
8578,560547	12
8584,083984	13
8589,608398	12
8595,131836	13
8600,655273	13
8606,179688	14
8611,703125	12
8617,227539	12
8622,750977	10
8628,275391	10
8633,798828	11
8639,322266	10
8644,846680	11
8650,370117	9
8655,894531	9
8661,417969	10
8666,942383	10
8672,465820	10
8677,990234	10
8683,513672	9
8689,037109	9
8694,561523	8
8700,084961	8
8705,609375	9
8711,132813	10
8716,657227	11
8722,180664	11
8727,704102	13
8733,228516	12
8738,751953	9
8744,276367	9
8749,799805	11
8755,324219	10
8760,847656	10
8766,372070	11
8771,895508	11
8777,418945	10
8782,943359	10
8788,466797	12
8793,991211	13
8799,514648	11
8805,039063	11
8810,562500	11
8816,085938	12
8821,610352	11
8827,133789	12
8832,658203	12
8838,181641	11
8843,706055	12
8849,229492	11
8854,752930	11
8860,277344	13
8865,800781	12
8871,325195	11
8876,848633	11
8882,373047	13
8887,896484	14
8893,420898	13
8898,944336	11
8904,467773	12
8909,992188	13
8915,515625	14
8921,040039	13
8926,563477	13
8932,087891	12
8937,611328	13
8943,134766	14
8948,659180	13
8954,182617	12
8959,707031	14
8965,230469	12
8970,754883	12
8976,278320	13
8981,802734	13
8987,326172	15
8992,849609	14
8998,374023	13
9003,897461	13
9009,421875	13
9014,945313	13
9020,469727	12
9025,993164	12
9031,516602	13
9037,041016	13
9042,564453	15
9048,088867	12
9053,612305	12
9059,136719	15
9064,660156	14
9070,184570	13
9075,708008	14
9081,231445	13
9086,755859	12
9092,279297	12
9097,803711	12
9103,327148	16
9108,851563	17
9114,375000	15
9119,898438	13
9125,422852	13
9130,946289	12
9136,470703	13
9141,994141	13
9147,518555	12
9153,041992	14
9158,565430	13
9164,089844	13
9169,613281	11
9175,137695	12
9180,661133	14
9186,185547	14
9191,708984	13
9197,233398	13
9202,756836	13
9208,280273	14
9213,804688	13
9219,328125	14
9224,852539	15
9230,375977	15
9235,900391	13
9241,423828	13
9246,947266	13
9252,471680	13
9257,995117	14
9263,519531	13
9269,042969	13
9274,567383	13
9280,090820	13
9285,615234	14
9291,138672	14
9296,662109	14
9302,186523	14
9307,709961	14
9313,234375	14
9318,757813	15
9324,282227	15
9329,805664	14
9335,329102	14
9340,853516	14
9346,376953	16
9351,901367	14
9357,424805	14
9362,949219	14
9368,472656	14
9373,997070	15
9379,520508	14
9385,043945	13
9390,568359	14
9396,091797	14
9401,616211	15
9407,139648	14
9412,664063	13
9418,187500	14
9423,710938	14
9429,235352	16
9434,758789	15
9440,283203	15
9445,806641	16
9451,331055	14
9456,854492	16
9462,377930	15
9467,902344	15
9473,425781	15
9478,950195	15
9484,473633	15
9489,998047	15
9495,521484	14
9501,045898	15
9506,569336	15
9512,092773	13
9517,617188	13
9523,140625	14
9528,665039	16
9534,188477	16
9539,712891	14
9545,236328	17
9550,759766	18
9556,284180	16
9561,807617	17
9567,332031	17
9572,855469	17
9578,379883	16
9583,903320	16
9589,427734	16
9594,951172	15
9600,474609	15
9605,999023	15
9611,522461	15
9617,046875	14
9622,570313	14
9628,094727	14
9633,618164	15
9639,141602	15
9644,666016	16
9650,189453	16
9655,713867	18
9661,237305	17
9666,761719	16
9672,285156	16
9677,809570	20
9683,333008	17
9688,856445	14
9694,380859	16
9699,904297	15
9705,428711	15
9710,952148	16
9716,476563	16
9722,000000	15
9727,523438	16
9733,047852	15
9738,571289	13
9744,095703	15
9749,619141	16
9755,143555	17
9760,666992	15
9766,190430	15
9771,714844	13
9777,238281	14
9782,762695	14
9788,286133	14
9793,810547	14
9799,333984	14
9804,858398	13
9810,381836	13
9815,905273	13
9821,429688	15
9826,953125	14
9832,477539	16
9838,000977	17
9843,525391	15
9849,048828	14
9854,572266	15
9860,096680	15
9865,620117	15
9871,144531	15
9876,667969	15
9882,192383	16
9887,715820	15
9893,240234	15
9898,763672	15
9904,287109	15
9909,811523	14
9915,334961	16
9920,859375	17
9926,382813	18
9931,907227	17
9937,430664	17
9942,954102	16
9948,478516	17
9954,001953	18
9959,526367	14
9965,049805	15
9970,574219	16
9976,097656	15
9981,622070	16
9987,145508	19
9992,668945	17
9998,193359	16
10003,716797	16
10009,241211	17
10014,764648	14
10020,289063	14
10025,812500	15
10031,335938	14
10036,860352	18
10042,383789	17
10047,908203	15
10053,431641	17
10058,956055	17
10064,479492	16
10070,002930	17
10075,527344	17
10081,050781	15
10086,575195	16
10092,098633	16
10097,623047	16
10103,146484	15
10108,670898	16
10114,194336	16
10119,717773	16
10125,242188	15
10130,765625	15
10136,290039	16
10141,813477	17
10147,337891	18
10152,861328	17
10158,384766	16
10163,909180	15
10169,432617	14
10174,957031	15
10180,480469	17
10186,004883	18
10191,528320	16
10197,052734	17
10202,576172	15
10208,099609	17
10213,624023	17
10219,147461	17
10224,671875	17
10230,195313	16
10235,719727	16
10241,243164	16
10246,766602	16
10252,291016	16
10257,814453	18
10263,338867	17
10268,862305	17
10274,386719	17
10279,910156	18
10285,434570	16
10290,958008	16
10296,481445	18
10302,005859	17
10307,529297	17
10313,053711	15
10318,577148	16
10324,101563	16
10329,625000	15
10335,148438	18
10340,672852	17
10346,196289	16
10351,720703	17
10357,244141	16
10362,768555	15
10368,291992	15
10373,815430	15
10379,339844	19
10384,863281	18
10390,387695	18
10395,911133	16
10401,435547	15
10406,958984	17
10412,483398	16
10418,006836	16
10423,530273	16
10429,054688	17
10434,578125	15
10440,102539	15
10445,625977	17
10451,150391	17
10456,673828	16
10462,197266	16
10467,721680	14
10473,245117	14
10478,769531	14
10484,292969	14
10489,817383	19
10495,340820	18
10500,865234	19
10506,388672	18
10511,912109	17
10517,436523	15
10522,959961	15
10528,484375	15
10534,007813	15
10539,532227	16
10545,055664	15
10550,579102	15
10556,103516	16
10561,626953	18
10567,151367	17
10572,674805	15
10578,199219	16
10583,722656	17
10589,247070	17
10594,770508	17
10600,293945	17
10605,818359	18
10611,341797	16
10616,866211	15
10622,389648	16
10627,914063	16
10633,437500	15
10638,960938	16
10644,485352	17
10650,008789	18
10655,533203	18
10661,056641	16
10666,581055	15
10672,104492	14
10677,627930	14
10683,152344	15
10688,675781	15
10694,200195	15
10699,723633	14
10705,248047	16
10710,771484	14
10716,295898	15
10721,819336	17
10727,342773	17
10732,867188	17
10738,390625	15
10743,915039	16
10749,438477	17
10754,962891	17
10760,486328	17
10766,009766	16
10771,534180	17
10777,057617	16
10782,582031	16
10788,105469	16
10793,629883	15
10799,153320	14
10804,677734	18
10810,201172	16
10815,724609	16
10821,249023	16
10826,772461	15
10832,296875	16
10837,820313	17
10843,344727	17
10848,868164	17
10854,391602	17
10859,916016	16
10865,439453	18
10870,963867	18
10876,487305	19
10882,011719	18
10887,535156	13
10893,059570	16
10898,583008	17
10904,106445	15
10909,630859	14
10915,154297	14
10920,678711	15
10926,202148	18
10931,726563	20
10937,250000	19
10942,773438	19
10948,297852	17
10953,821289	16
10959,345703	16
10964,869141	18
10970,393555	19
10975,916992	17
10981,440430	16
10986,964844	16
10992,488281	15
10998,012695	20
11003,536133	17
11009,060547	16
11014,583984	14
11020,108398	15
11025,631836	16
11031,155273	18
11036,679688	15
11042,203125	17
11047,727539	17
11053,250977	16
11058,775391	17
11064,298828	17
11069,822266	19
11075,346680	19
11080,870117	18
11086,394531	17
11091,917969	18
11097,442383	17
11102,965820	17
11108,490234	16
11114,013672	16
11119,537109	16
11125,061523	16
11130,584961	15
11136,109375	17
11141,632813	16
11147,157227	15
11152,680664	16
11158,204102	16
11163,728516	15
11169,251953	15
11174,776367	18
11180,299805	19
11185,824219	18
11191,347656	16
11196,872070	14
11202,395508	16
11207,918945	19
11213,443359	19
11218,966797	17
11224,491211	16
11230,014648	15
11235,539063	15
11241,062500	14
11246,585938	14
11252,110352	15
11257,633789	16
11263,158203	17
11268,681641	17
11274,206055	19
11279,729492	19
11285,252930	17
11290,777344	16
11296,300781	17
11301,825195	17
11307,348633	17
11312,873047	15
11318,396484	17
11323,920898	17
11329,444336	13
11334,967773	15
11340,492188	15
11346,015625	18
11351,540039	17
11357,063477	19
11362,587891	17
11368,111328	16
11373,634766	15
11379,159180	16
11384,682617	15
11390,207031	15
11395,730469	16
11401,254883	17
11406,778320	15
11412,302734	15
11417,826172	16
11423,349609	19
11428,874023	19
11434,397461	17
11439,921875	17
11445,445313	16
11450,969727	16
11456,493164	18
11462,016602	14
11467,541016	14
11473,064453	16
11478,588867	17
11484,112305	15
11489,636719	15
11495,160156	17
11500,684570	17
11506,208008	19
11511,731445	17
11517,255859	16
11522,779297	16
11528,303711	16
11533,827148	15
11539,351563	14
11544,875000	13
11550,398438	12
11555,922852	17
11561,446289	14
11566,970703	16
11572,494141	15
11578,018555	15
11583,541992	18
11589,065430	16
11594,589844	18
11600,113281	17
11605,637695	16
11611,161133	21
11616,685547	18
11622,208984	20
11627,733398	18
11633,256836	16
11638,780273	16
11644,304688	16
11649,828125	15
11655,352539	15
11660,875977	17
11666,400391	18
11671,923828	18
11677,447266	17
11682,971680	19
11688,495117	20
11694,019531	18
11699,542969	16
11705,067383	17
11710,590820	16
11716,115234	17
11721,638672	19
11727,162109	17
11732,686523	18
11738,209961	16
11743,734375	17
11749,257813	16
11754,782227	17
11760,305664	18
11765,829102	19
11771,353516	18
11776,876953	17
11782,401367	17
11787,924805	18
11793,449219	21
11798,972656	19
11804,497070	16
11810,020508	16
11815,543945	16
11821,068359	15
11826,591797	17
11832,116211	18
11837,639648	19
11843,164063	18
11848,687500	18
11854,210938	19
11859,735352	17
11865,258789	18
11870,783203	18
11876,306641	17
11881,831055	16
11887,354492	17
11892,877930	17
11898,402344	17
11903,925781	17
11909,450195	17
11914,973633	15
11920,498047	17
11926,021484	17
11931,545898	18
11937,069336	19
11942,592773	17
11948,117188	17
11953,640625	18
11959,165039	17
11964,688477	18
11970,212891	18
11975,736328	16
11981,259766	17
11986,784180	18
11992,307617	17
11997,832031	16
12003,355469	15
12008,879883	18
12014,403320	17
12019,927734	16
12025,451172	19
12030,974609	19
12036,499023	17
12042,022461	16
12047,546875	15
12053,070313	14
12058,594727	16
12064,118164	14
12069,641602	18
12075,166016	18
12080,689453	17
12086,213867	17
12091,737305	16
12097,261719	15
12102,785156	17
12108,309570	15
12113,833008	15
12119,356445	13
12124,880859	12
12130,404297	13
12135,928711	15
12141,452148	17
12146,976563	16
12152,500000	19
12158,023438	18
12163,547852	20
12169,071289	18
12174,595703	15
12180,119141	15
12185,643555	16
12191,166992	15
12196,690430	15
12202,214844	16
12207,738281	17
12213,262695	16
12218,786133	15
12224,310547	18
12229,833984	17
12235,358398	16
12240,881836	15
12246,405273	12
12251,929688	16
12257,453125	16
12262,977539	16
12268,500977	17
12274,025391	16
12279,548828	13
12285,072266	14
12290,596680	15
12296,120117	17
12301,644531	13
12307,167969	15
12312,692383	14
12318,215820	13
12323,740234	14
12329,263672	14
12334,787109	11
12340,311523	13
12345,834961	14
12351,359375	15
12356,882813	17
12362,407227	11
12367,930664	12
12373,454102	11
12378,978516	12
12384,501953	12
12390,026367	13
12395,549805	12
12401,074219	14
12406,597656	14
12412,122070	12
12417,645508	12
12423,168945	12
12428,693359	14
12434,216797	14
12439,741211	13
12445,264648	12
12450,789063	11
12456,312500	12
12461,835938	13
12467,360352	14
12472,883789	15
12478,408203	16
12483,931641	15
12489,456055	9
12494,979492	12
12500,502930	15
12506,027344	13
12511,550781	14
12517,075195	13
12522,598633	11
12528,123047	12
12533,646484	14
12539,170898	12
12544,694336	11
12550,217773	10
12555,742188	12
12561,265625	12
12566,790039	9
12572,313477	12
12577,837891	14
12583,361328	13
12588,884766	12
12594,409180	10
12599,932617	11
12605,457031	11
12610,980469	12
12616,504883	12
12622,028320	13
12627,552734	10
12633,076172	9
12638,599609	9
12644,124023	10
12649,647461	11
12655,171875	12
12660,695313	9
12666,219727	9
12671,743164	9
12677,266602	12
12682,791016	15
12688,314453	9
12693,838867	9
12699,362305	9
12704,886719	8
12710,410156	8
12715,934570	9
12721,458008	6
12726,981445	8
12732,505859	9
12738,029297	12
12743,553711	10
12749,077148	10
12754,601563	10
12760,125000	9
12765,648438	9
12771,172852	7
12776,696289	8
12782,220703	9
12787,744141	8
12793,268555	9
12798,791992	8
12804,315430	8
12809,839844	6
12815,363281	5
12820,887695	8
12826,411133	9
12831,935547	8
12837,458984	10
12842,983398	9
12848,506836	7
12854,030273	7
12859,554688	9
12865,078125	6
12870,602539	4
12876,125977	3
12881,650391	5
12887,173828	6
12892,697266	7
12898,221680	6
12903,745117	4
12909,269531	4
12914,792969	4
12920,317383	2
12925,840820	2
12931,365234	3
12936,888672	5
12942,412109	5
12947,936523	7
12953,459961	7
12958,984375	6
12964,507813	5
12970,032227	7
12975,555664	6
12981,079102	7
12986,603516	6
12992,126953	4
12997,651367	6
13003,174805	7
13008,699219	4
13014,222656	6
13019,747070	5
13025,270508	4
13030,793945	4
13036,318359	4
13041,841797	3
13047,366211	5
13052,889648	4
13058,414063	1
13063,937500	4
13069,460938	4
13074,985352	2
13080,508789	0
13086,033203	1
13091,556641	0
13097,081055	0
13102,604492	1
13108,127930	3
13113,652344	3
13119,175781	3
13124,700195	2
13130,223633	2
13135,748047	2
13141,271484	1
13146,795898	3
13152,319336	2
13157,842773	2
13163,367188	2
13168,890625	2
13174,415039	0
13179,938477	1
13185,462891	0
13190,986328	2
13196,509766	2
13202,034180	1
13207,557617	0
13213,082031	0
13218,605469	0
13224,129883	2
13229,653320	4
13235,177734	2
13240,701172	3
13246,224609	3
13251,749023	3
13257,272461	3
13262,796875	2
13268,320313	2
13273,844727	2
13279,368164	3
13284,891602	4
13290,416016	0
13295,939453	0
13301,463867	0
13306,987305	0
13312,511719	0
13318,035156	0
13323,559570	0
13329,083008	0
13334,606445	2
13340,130859	0
13345,654297	0
13351,178711	1
13356,702148	0
13362,226563	0
13367,750000	0
13373,273438	1
13378,797852	0
13384,321289	0
13389,845703	0
13395,369141	0
13400,893555	0
13406,416992	0
13411,940430	0
13417,464844	1
13422,988281	1
13428,512695	0
13434,036133	0
13439,560547	0
13445,083984	0
13450,608398	0
13456,131836	0
13461,655273	0
13467,179688	0
13472,703125	0
13478,227539	0
13483,750977	0
13489,275391	0
13494,798828	0
13500,322266	0
13505,846680	1
13511,370117	0
13516,894531	0
13522,417969	0
13527,942383	0
13533,465820	0
13538,990234	0
13544,513672	0
13550,037109	0
13555,561523	0
13561,084961	1
13566,609375	0
13572,132813	0
13577,657227	0
13583,180664	0
13588,704102	0
13594,228516	0
13599,751953	0
13605,276367	0
13610,799805	0
13616,324219	0
13621,847656	0
13627,372070	0
13632,895508	0
13638,418945	0
13643,943359	0
13649,466797	0
13654,991211	0
13660,514648	0
13666,039063	0
13671,562500	0
13677,085938	0
13682,610352	0
13688,133789	0
13693,658203	0
13699,181641	0
13704,706055	1
13710,229492	0
13715,752930	0
13721,277344	0
13726,800781	0
13732,325195	0
13737,848633	0
13743,373047	0
13748,896484	0
13754,420898	0
13759,944336	0
13765,467773	0
13770,992188	0
13776,515625	0
13782,040039	0
13787,563477	0
13793,087891	0
13798,611328	0
13804,134766	0
13809,659180	0
13815,182617	0
13820,707031	0
13826,230469	0
13831,754883	0
13837,278320	0
13842,802734	0
13848,326172	0
13853,849609	0
13859,374023	0
13864,897461	0
13870,421875	0
13875,945313	0
13881,469727	0
13886,993164	0
13892,516602	0
13898,041016	0
13903,564453	0
13909,088867	0
13914,612305	0
13920,136719	0
13925,660156	0
13931,184570	0
13936,708008	0
13942,231445	0
13947,755859	0
13953,279297	0
13958,803711	0
13964,327148	0
13969,851563	0
13975,375000	0
