#onlyintensity
0
0
0
0
0
0
0
0
0
0
0
0
0
0
0
0
0
0
0
0
0
0
0
0
0
0
0
0
0
0
0
0
0
0
0
0
0
0
0
0
0
0
0
0
0
0
0
0
0
0
0
0
0
0
0
0
0
0
0
0
0
0
0
0
0
0
0
0
0
0
0
0
0
0
0
0
0
0
0
0
0
0
0
0
0
0
0
0
0
0
0
0
0
0
0
0
0
0
0
0
0
0
0
0
0
0
0
0
0
0
0
0
0
0
0
0
0
0
0
0
0
0
0
0
0
0
0
0
2
5
6
10
16
20
21
26
36
53
85
178
407
795
1283
1685
1909
1966
1851
1534
1023
518
203
93
55
37
28
23
21
19
15
9
7
4
1
0
0
0
0
0
0
0
0
0
0
0
0
0
0
0
0
0
0
0
0
0
0
0
0
0
0
0
0
0
0
0
0
0
0
0
0
0
0
0
0
0
0
0
0
0
0
0
0
0
0
0
0
0
0
0
0
0
0
0
0
0
0
0
0
0
0
0
0
0
0
0
0
0
0
0
0
0
0
0
0
0
0
0
0
0
0
0
0
0
0
0
0
0
0
0
0
0
0
0
0
0
0
0
0
0
0
0
0
0
0
0
0
0
0
0
0
0
0
0
0
0
0
0
0
0
0
0
0
0
0
0
0
0
0
0
0
0
0
0
0
0
0
0
0
0
0
0
0
0
0
0
0
0
0
0
0
0
0
0
0
0
0
0
0
0
0
0
0
0
0
0
0
0
0
0
0
0
0
0
0
0
0
0
0
0
0
0
0
0
0
0
0
0
0
0
0
0
0
0
0
0
0
0
0
0
0
0
0
0
0
0
0
0
0
0
0
0
0
0
0
0
0
0
0
0
0
0
0
0
0
0
0
0
0
0
0
0
0
0
0
0
0
0
0
0
0
0
0
0
0
0
0
0
0
0
0
0
0
0
0
0
0
0
0
0
0
0
0
0
0
0
0
0
0
0
0
0
0
0
0
0
0
0
0
0
0
0
0
0
0
0
0
0
0
0
0
0
0
0
0
0
0
0
0
0
0
0
0
0
0
0
0
0
0
0
0
0
0
0
0
0
0
0
0
0
0
0
0
0
0
0
0
0
0
0
0
0
0
0
0
0
0
0
0
0
0
0
0
0
0
0
0
0
0
0
0
0
0
0
0
0
0
0
0
0
0
0
0
0
0
0
0
0
0
0
0
0
0
0
0
0
0
0
0
0
0
0
0
0
0
0
0
0
0
0
0
0
0
0
0
0
0
0
0
0
0
0
0
0
0
0
0
0
0
0
0
0
0
0
0
0
0
0
0
0
0
0
0
0
0
0
0
0
0
0
0
0
0
0
0
0
0
0
0
0
0
0
0
0
0
0
0
0
0
0
0
0
0
0
0
0
0
0
0
0
0
0
0
0
0
0
0
0
0
0
0
0
0
0
0
0
0
0
0
0
0
0
0
0
0
0
0
0
0
0
0
0
0
0
0
0
0
0
0
0
0
0
0
0
0
0
0
0
0
0
0
0
0
0
0
0
0
0
0
0
0
0
0
0
0
0
0
0
0
0
0
0
0
0
0
0
0
0
0
0
0
0
0
0
0
0
0
0
0
0
0
0
0
0
0
0
0
0
0
0
0
0
0
0
0
0
0
0
0
0
0
0
0
0
0
0
0
0
0
0
0
0
0
0
0
0
0
0
0
0
0
0
0
0
0
0
0
0
0
0
0
0
0
0
0
0
0
0
0
0
0
0
0
0
0
0
0
0
0
0
0
0
0
0
0
0
0
0
0
0
0
0
0
0
0
0
0
0
0
0
0
0
0
0
0
0
0
0
0
0
0
0
0
0
0
0
0
0
0
0
0
0
0
0
0
0
0
0
0
0
0
0
0
0
0
0
0
0
0
0
0
0
0
0
0
0
0
0
0
0
0
0
0
0
0
0
0
0
0
0
0
0
0
4
4
6
6
6
6
6
7
7
7
7
6
6
6
7
7
6
7
8
8
8
9
10
13
14
16
20
22
29
33
39
45
53
59
69
76
84
95
102
110
118
122
126
130
135
138
141
144
146
146
147
144
144
139
134
130
125
112
104
95
90
89
96
105
123
139
154
165
176
187
190
199
205
211
215
220
224
227
233
233
236
235
237
239
244
245
249
249
253
257
258
261
262
261
260
258
262
260
260
258
261
262
261
267
268
269
270
272
277
276
281
279
284
287
290
294
295
295
301
302
307
313
319
323
327
331
335
341
348
354
362
369
377
385
390
399
404
408
413
420
426
427
434
434
440
441
438
433
426
411
395
373
347
326
316
317
329
346
373
399
422
440
453
465
477
486
492
499
506
509
513
521
527
528
533
537
537
541
544
540
540
538
537
538
542
540
544
544
551
554
554
557
564
563
565
567
571
574
577
577
576
581
580
577
574
577
574
573
571
569
569
572
573
571
574
573
580
579
578
575
578
577
575
571
572
565
560
554
549
543
546
539
540
538
536
531
525
522
522
523
520
523
523
519
516
516
515
508
503
498
495
488
487
483
480
478
474
471
469
467
466
465
463
464
462
461
460
458
455
455
454
454
451
447
443
444
436
432
427
426
421
414
410
403
401
400
398
393
388
387
381
375
374
368
365
359
352
354
346
339
336
331
328
322
317
314
314
308
308
303
303
303
302
299
299
298
297
298
301
300
302
304
304
303
303
307
305
311
310
311
310
310
308
306
308
304
304
299
296
293
289
288
284
281
279
281
274
272
268
263
259
254
252
249
246
241
236
233
231
224
221
215
213
208
201
196
194
191
186
182
176
171
170
165
163
157
156
152
147
141
137
138
133
130
129
126
124
121
117
117
115
116
111
107
106
107
102
99
98
94
92
91
88
88
87
86
83
80
80
79
79
74
73
74
71
71
65
66
66
65
64
63
61
60
59
58
57
56
55
52
54
53
53
52
49
48
48
47
47
47
45
45
43
41
40
41
37
35
35
35
36
35
32
32
33
31
27
27
28
27
26
25
25
23
24
26
25
24
25
26
25
26
25
25
24
24
24
23
21
22
21
21
19
19
19
20
20
19
19
19
18
17
17
16
17
15
15
13
12
11
11
11
11
11
10
10
10
10
9
9
9
8
8
8
7
5
4
3
2
0
0
0
0
0
0
0
0
0
0
0
0
0
0
0
0
0
0
0
0
0
0
0
0
0
0
0
0
0
0
0
0
0
0
0
0
0
0
0
0
0
0
0
0
0
0
0
0
0
0
0
0
0
0
0
0
0
0
0
0
0
0
0
0
0
0
0
0
0
0
0
0
0
0
0
0
0
0
0
0
0
0
0
0
0
0
0
0
0
0
0
0
0
0
0
0
0
0
0
0
0
0
0
0
0
0
0
0
0
0
0
0
